εξ v} p] bs V. ἦ.. ὁ. v. 1»ss ὲ. v. 1³ss e· VJ p,

⁷ 51 29 141 27 161 15 ²40 ς 306
ις 5 4 36 276 29 163 x v 1. 1 189 η 309
19 61 V 1 1 1· 1 164 33 75 13 93 20 311
²1 55 ¹1 ¹69 34 93 ¹4 ¹⁸⁹ ²5 3¹5
23 22 16 75 37 ¹83 16 ¹40 29 316
1111. 1 57 17 ιιι 4⁷· 299 17 77 34 318
ς 59 ¹8 165 43 ²94 18 8¹ 37 324
14 61 19 161 44 299 19 ¹91 Χ ¹ ¹ ¹· ¹ 32⁷
16 62 2²- ιιι 45 293 X V 1 1. 1 236 3 330
23 ⁶4 2⁶ 123 47 300 2 ²4¹ 15 332
31 68 40 117 5²¹ 296 3 241 17 333
38 69 49 118 53 301 4 ²44 21 33²-
ν. 1 66 xx· ι 126 x 11· 1 220 ς 234 24 262
η 105 3 128 ι. 133 7 r 94 28 257
17 ιιι 6 138 8 134 ιι 198 31 337
27 113 7 ²01 ιο 156 22 311 35 339
33 115 10 204 11 129 26 318 39 340
vx. 1 149 18 222. 13 ¹79 XV111- 1 ¹95 47 344
6 ¹51 21 2²5 22 94 9 196 49 345
π ¹53 26 ¹34 2⁹ 9⁶ 15 ²5²· 54 34¹7
η 71 28 2²8 33 9²- ιε 253 55 350
20 72 36 230 35 3² 0 24 ²55 ⁶3 349
27 34 37 231 5¹ 134 28 256 x Χ 1 1 1. 1 353
29 83 43 ²34 54 218 31 260 ι 355
31 100 49 247 58 79 35 2⁶4 ¹3 357
32 84 57 110 2:111- 1 181 X 1 1· 1 266 24 359
34 34 x. 1 143 10 1 87. 11 267 33 360
35 84285 13 14'4 18 173 29 270 35 362
37 96 17 146 23 100 39 273 38 362
39 212 21 147 25 101 4¹ 272 39 364
40 131 23 165 ³1 183 45 273 44 367
41 97 25 288 34 301 x x· 1 277 50 37¹
43 102 38 178 x1111. 1 184 9 279 x Χι 11 ι. 1 374
4⁶ 103 x 1. 1 83 7 185 20 283 9 δ”]
47 104 ς 98 15 186 27 285 13 3,‘9
vu, 1 106 14 155 25 136 41 292 31 3²²-
11 ¹09 16 163 34 75 45 ²94 41 385

 

